tot_cases
4
6
7
7
8
8
8
8
8
9
10
13
17
19
19
19
20
20
20
20
20
22
23
24
24
24
26
31
34
35
40
48
48
52
56
64
69
73
82
100
135
186
256
334
464
610
822
1212
1709
2234
2961
3929
5148
7287
9659
12888
17754
23871
31435
40545
51335
62092
73424
87547
106032
126388
147076
173275
188848
212138
240827
270719
302809
334970
361975
390633
420044
454269
489076
522267
553827
580921
606188
631469
656717
688267
718618
746909
772979
799428
825369
855859
889106
923915
957526
983592
1007378
1031326
1058125
1089366
1122459
1150756
1176684
1199020
1221914
1247386
1275950
1304807
1330726
1351385
1371356
1395273
1412616
1447359
1473997
1500080
1520002
1542754
1564698
1588260
1614464
1640449
1661929
1682581
1701971
1719493
1739025
1763222
1786982
1811110
1832580
1849772
1870757
1891492
1912387
1936899
1960193
1978652
1996809
2015440
2037653
2060570
2088915
2115361
2136151
2156747
2181535
2207404
2235943
2269087
2302554
2329901
2358634
2396529
2433917
2480973
2527542
2571244
2608857
2647416
2694728
2754135
2809790
2870229
2919291
2959745
3010580
3067480
3132279
3194325
3263078
3331678
3390509
3446906
3511614
3584255
3653813
3731028
3798353
3858644
3917272
3980850
4053568
4126996
4200409
4262191
4320155
4374291
4433268
4498236
4564975
4633767
4690196
4741367
4786990
4839234
4895302
4948910
5011822
5063891
5110721
5154662
5213858
5268712
5320651
5377118
5428707
5470875
5512602
5554417
5601451
5648150
5695587
5738589
5775053
5810879
5851928
5898919
5946120
5992942
6034196
6070947
6110057
6149372
6193185
6238677
6290097
6331345
6365593
6390470
6419091
6454035
6492919
6537190
6577783
6610925
6645401
6682664
6727177
6772476
6820915
6863459
6897966
6939444
6989783
7032201
7078487
7128638
7171753
7207305
7246063
7285176
7331473
7378476
7429481
7477561
7513565
7555387
7597461
7650452
7706843
7765844
7820311
7865057
7914734
7965744
8023281
8086579
8156079
8211038
8260363
8322203
8381190
8451115
8526300
8609335
8685973
8752019
8821743
8897502
8982535
9074112
9172053
9265797
9407754
9495017
9594021
9708798
9832345
9966278
10096592
10208524
10333679
10481266
10635595
10798791
10976628
11141429
11279564
11433313
11601193
11773033
11962796
12157888
12332579
12482719
12643344
12819023
13014882
13160885
13325086
13470466
13612435
13764775
13957932
14168572
14386261
14611297
14817815
14995526
15179338
15406830
15629799
15839400
16086077
16303771
16485525
16684021
16883763
17125540
17373237
17610247
17812966
18000425
18184604
18382708
18609547
18813150
18975359
19122852
19279082
19455982
19665325
19901912
20132213
20361010
20586950
20792850
20967469
21210231
21469766
21740117
22032675
22289329
22514817
22719197
22937185
23164753
23388904
23627047
23837135
24024161
24178555
24329034
24517835
24706313
24896722
25062797
25204826
25340620
25486878
25646319
25803577
25968042
26107481
26219724
26348901
26470568
26579328
26702264
26827567
26938064
27031252
27112096
27203671
27302331
27402293
27500009
27585448
27653254
27711438
27768389
27832316
27901114
27974958
28040639
28097513
28153397
28223662
28296304
28368512
28442053
28510649
28563364
28614533
28668451
28734710
28799853
28864306
28922207
28966101
29008888
29063051
29125180
29185113
29249579
29302065
29349524
29393130
29445009
29504982
29568317
29630696
29689457
29734942
29783324
29841127
29909419
29975197
30050304
30114136
30167842
30226028
30288175
30358247
30432739
30503827
30567949
30613878
30670490
30734606
30810310
30887179
30964590
31033806
31088137
31149578
31222244
31294015
31367134
31439316
31517843
31568266
31604085
31661924
31726163
31788721
31852144
31904568
31946237
31976771
32027373
32082572
32138759
32194694
32243532
32280582
32313751
32356464
32401549
32444785
32489835
32527143
32554868
32579313
32612512
32648620
32689304
32724666
32754821
32776349
32795840
32823588
32851301
32879508
32907542
32930017
32946144
32960952
32985664
33009343
33031472
33056364
33072111
33084535
33093968
33102962
33119163
33137429
33156101
33170928
33182087
33192004
33206383
33226135
33242158
33256190
33268614
33277382
33285684
33298356
33311687
33325268
33337297
33349702
33358789
33367382
33380731
33394652
33410290
33425317
33438676
33449377
33459827
33475389
33487126
33505799
33522757
33536036
33546606
33555773
33575780
33598543
33782218
33809915
33830963
33847795
33876732
33911860
33950376
33991154
34033629
34066026
34094218
34139516
34190770
34252561
34324603
34394635
34448866
34492373
34563761
34649789
34739462
34839357
34944688
35026005
35087867
35190492
35301196
35429269
35558182
35692623
35813799
35911410
36004830
36140881
36285552
36438139
36585495
36726649
36838059
36947434
37098232
37266899
37442679
37612196
37754903
37880249
38001417
38164901
38343063
38530517
38713675
38864504
38980856
39119921
39297475
39495830
39680347
39863372
40005947
40129437
40245714
40361091
40532919
40717533
40890197
41044304
41158609
41277873
41440540
41604401
41772349
41931310
42054274
42149251
42247880
42381361
42514387
42653098
42786202
42882688
42958252
43065793
43181692
43298827
43423126
43544067
43626370
43693230
43785284
43887401
44005976
44119310
44227991
44298775
44357510
44435677
44525626
44622131
44719366
44811962
44875185
44923001
44995504
45076347
45153108
45240925
45321969
45358260
45386502
45471149
45573154
45657594
45760991
45849619
45884664
45910169
46028066
46102898
46181932
46270994
46361058
46397257
46428903
46545466
46628534
46722474
46796760
46920067
46989381
47023096
47156822
47253935
47359927
47484048
47598134
47644339
47683224
47828733
47929939
48036728
48109492
48191391
48243314
48299906
48393583
48514334
48647813
48791970
48943810
49011205
49066696
49250847
49376654
49506553
49644483
49780204
49844439
49902699
50088587
50214287
50361348
50525186
50682070
50771465
50876515
51146076
51352686
51596392
51875408
52117081
52250193
52468369
52936053
53334068
53823113
54423030
54895646
55199093
