,DATE,GDP,Growth
284,2018-01-01,20155.486,
285,2018-04-01,20470.197,1.56
286,2018-07-01,20687.278,1.06
287,2018-10-01,20819.269,0.64
288,2019-01-01,21013.085,0.93
289,2019-04-01,21272.448,1.23
290,2019-07-01,21531.839,1.22
291,2019-10-01,21706.532,0.81
292,2020-01-01,21538.032,-0.78
293,2020-04-01,19636.731,-8.83
294,2020-07-01,21362.428,8.79
295,2020-10-01,21704.706,1.6
296,2021-01-01,22313.85,2.81
297,2021-04-01,23046.934,3.29
298,2021-07-01,23550.42,2.18
299,2021-10-01,24349.121,3.39
300,2022-01-01,24740.48,1.61
